              precision    recall  f1-score   support

           0       0.00      0.00      0.00        65
           1       0.00      0.00      0.00       103
           2       0.00      0.00      0.00       220
           3       0.00      0.00      0.00        23
           4       0.00      0.00      0.00       223
           5       0.67      1.00      0.80      1341
           6       0.00      0.00      0.00        28

    accuracy                           0.67      2003
   macro avg       0.10      0.14      0.11      2003
weighted avg       0.45      0.67      0.54      2003
